0.100521 0.00350182 0.00 0.00
0.100521 0.00350182 0.00169872 0.00184451
0.11059 0.00435437 0.0018064 0.00208017
0.12066 0.00528633 0.00191541 0.00235443
0.130729 0.00629498 0.00208464 0.00260245
0.140799 0.00729811 0.00216059 0.00302364
0.150868 0.00844329 0.0024633 0.0032207
0.160938 0.00956477 0.0027143 0.00359494
0.171007 0.0106761 0.00311221 0.00372528
0.181076 0.0118549 0.00354926 0.00405081
0.191146 0.0130836 0.00399059 0.00441434
0.201215 0.0142898 0.00442243 0.00486839
0.211285 0.0154043 0.00478634 0.00532172
0.221354 0.0166381 0.00511908 0.00594495
0.231424 0.0178919 0.00561216 0.00633435
0.241493 0.0191462 0.00597569 0.00712324
0.251563 0.0204584 0.00650501 0.00777864
0.261632 0.0217576 0.00700623 0.00842487
0.271701 0.0231312 0.00766957 0.00882221
0.281771 0.0246035 0.0082085 0.00965873
0.29184 0.0258854 0.00891946 0.0103768
0.30191 0.0273648 0.00937668 0.0110999
0.311979 0.0289394 0.0100959 0.0118645
0.322049 0.0301675 0.0106595 0.0124459
0.332118 0.0319569 0.0116045 0.0135642
0.342187 0.0337439 0.0121416 0.0143943
0.352257 0.0351794 0.0129889 0.0151344
0.362326 0.0369626 0.013724 0.0160522
0.372396 0.038791 0.0145208 0.0167571
0.382465 0.0410873 0.0156563 0.018356
0.392535 0.0430776 0.0162585 0.0193515
0.402604 0.0444894 0.0172586 0.019709
0.412674 0.0475649 0.0184145 0.0225751
0.422743 0.0490889 0.0186607 0.0230426
0.432812 0.0527978 0.0207828 0.0246987
0.442882 0.0548197 0.0213056 0.0263743
0.452951 0.057329 0.0226778 0.0274013
0.463021 0.0599892 0.0233109 0.029774
0.47309 0.063736 0.0251887 0.0310304
0.48316 0.0665173 0.0267806 0.033049
0.493229 0.0701138 0.0282486 0.0358323
0.503298 0.0726113 0.0297445 0.0372459
0.513369 0.0777353 0.032614 0.0400263
0.523438 0.0800311 0.0331009 0.0412914
0.533506 0.0856738 0.0356132 0.0459064
0.543576 0.088992 0.0375391 0.0486165
0.553646 0.094217 0.0400236 0.051985
0.563715 0.0988155 0.0428761 0.0547118
0.573785 0.103848 0.0451395 0.059805
0.583854 0.110077 0.0493248 0.0631378
0.593924 0.114304 0.0516675 0.0678754
0.603993 0.122034 0.056383 0.0736013
0.614062 0.12752 0.0586495 0.0821228
0.624132 0.136218 0.0634465 0.0875456
0.634201 0.140232 0.0665144 0.0943326
0.644271 0.15024 0.0729315 0.102678
0.65434 0.156675 0.0782603 0.111463
0.66441 0.166921 0.0844602 0.121152
0.674479 0.173257 0.0888508 0.131943
0.684549 0.189809 0.101841 0.152394
0.694619 0.196862 0.108905 0.159561
0.704688 0.199302 0.1112 0.164784
0.714757 0.220319 0.128602 0.199077
0.724826 0.22821 0.138118 0.210974
0.734896 0.235122 0.145835 0.223914
0.744965 0.25471 0.163106 0.27347
