2.010417e+01 3.501821e-03 1.698722e-03 1.844515e-03
2.211805e+01 4.354375e-03 1.806402e-03 2.080174e-03
2.413195e+01 5.286326e-03 1.915406e-03 2.354430e-03
2.614583e+01 6.294983e-03 2.084639e-03 2.602446e-03
2.815973e+01 7.298109e-03 2.160595e-03 3.023641e-03
3.017361e+01 8.443286e-03 2.463300e-03 3.220705e-03
3.218750e+01 9.564767e-03 2.714298e-03 3.594942e-03
3.420139e+01 1.067613e-02 3.112209e-03 3.725277e-03
3.621527e+01 1.185495e-02 3.549262e-03 4.050808e-03
3.822916e+01 1.308359e-02 3.990591e-03 4.414338e-03
4.024305e+01 1.428981e-02 4.422432e-03 4.868385e-03
4.225695e+01 1.540430e-02 4.786337e-03 5.321724e-03
4.427084e+01 1.663814e-02 5.119081e-03 5.944951e-03
4.628473e+01 1.789188e-02 5.612161e-03 6.334346e-03
4.829861e+01 1.914617e-02 5.975693e-03 7.123243e-03
5.031250e+01 2.045845e-02 6.505014e-03 7.778639e-03
5.232639e+01 2.175762e-02 7.006233e-03 8.424867e-03
5.434027e+01 2.313117e-02 7.669571e-03 8.822214e-03
5.635416e+01 2.460354e-02 8.208500e-03 9.658735e-03
5.836805e+01 2.588538e-02 8.919464e-03 1.037678e-02
6.038195e+01 2.736477e-02 9.376677e-03 1.109991e-02
6.239584e+01 2.893938e-02 1.009591e-02 1.186448e-02
6.440972e+01 3.016749e-02 1.065950e-02 1.244589e-02
6.642361e+01 3.195686e-02 1.160451e-02 1.356420e-02
6.843750e+01 3.374393e-02 1.214157e-02 1.439427e-02
7.045139e+01 3.517938e-02 1.298890e-02 1.513442e-02
7.246527e+01 3.696256e-02 1.372400e-02 1.605220e-02
7.447916e+01 3.879103e-02 1.452079e-02 1.675715e-02
7.649305e+01 4.108733e-02 1.565629e-02 1.835603e-02
7.850695e+01 4.307756e-02 1.625847e-02 1.935152e-02
8.052084e+01 4.448944e-02 1.725859e-02 1.970904e-02
8.253473e+01 4.756492e-02 1.841455e-02 2.257507e-02
8.454861e+01 4.908890e-02 1.866067e-02 2.304264e-02
8.656250e+01 5.279777e-02 2.078285e-02 2.469869e-02
8.857639e+01 5.481968e-02 2.130556e-02 2.637431e-02
9.059027e+01 5.732898e-02 2.267778e-02 2.740126e-02
9.260416e+01 5.998918e-02 2.331090e-02 2.977399e-02
9.461805e+01 6.373604e-02 2.518869e-02 3.103038e-02
9.663195e+01 6.651731e-02 2.678062e-02 3.304904e-02
9.864584e+01 7.011376e-02 2.824864e-02 3.583228e-02
1.006597e+02 7.261130e-02 2.974453e-02 3.724592e-02
1.026737e+02 7.773532e-02 3.261405e-02 4.002631e-02
1.046875e+02 8.003113e-02 3.310089e-02 4.129138e-02
1.067013e+02 8.567376e-02 3.561318e-02 4.590641e-02
1.087152e+02 8.899195e-02 3.753906e-02 4.861654e-02
1.107292e+02 9.421703e-02 4.002360e-02 5.198498e-02
1.127430e+02 9.881549e-02 4.287606e-02 5.471180e-02
1.147570e+02 1.038477e-01 4.513946e-02 5.980500e-02
1.167708e+02 1.100773e-01 4.932482e-02 6.313784e-02
1.187848e+02 1.143035e-01 5.166755e-02 6.787539e-02
1.207987e+02 1.220338e-01 5.638297e-02 7.360129e-02
1.228125e+02 1.275195e-01 5.864947e-02 8.212283e-02
1.248263e+02 1.362181e-01 6.344652e-02 8.754562e-02
1.268402e+02 1.402315e-01 6.651436e-02 9.433264e-02
1.288542e+02 1.502401e-01 7.293154e-02 1.026784e-01
1.308680e+02 1.566751e-01 7.826033e-02 1.114628e-01
1.328820e+02 1.669209e-01 8.446018e-02 1.211521e-01
1.348958e+02 1.732570e-01 8.885079e-02 1.319429e-01
1.369098e+02 1.898095e-01 1.018411e-01 1.523943e-01
1.389237e+02 1.968620e-01 1.089046e-01 1.595615e-01
1.409375e+02 1.993017e-01 1.111999e-01 1.647840e-01
1.429513e+02 2.203193e-01 1.286015e-01 1.990774e-01
1.449652e+02 2.282101e-01 1.381183e-01 2.109740e-01
1.469792e+02 2.351220e-01 1.458349e-01 2.239143e-01
1.489930e+02 2.547102e-01 1.631061e-01 2.734696e-01
