2.010417e+01 2.945493e-03 1.269226e-03 1.471138e-03
2.211805e+01 3.452008e-03 1.361121e-03 1.667928e-03
2.413195e+01 4.200150e-03 1.501512e-03 1.897259e-03
2.614583e+01 5.023656e-03 1.580135e-03 2.277938e-03
2.815973e+01 5.855390e-03 1.742625e-03 2.587785e-03
3.017361e+01 6.766159e-03 2.034506e-03 2.785920e-03
3.218750e+01 7.654088e-03 2.325216e-03 3.021643e-03
3.420139e+01 8.637877e-03 2.741369e-03 3.306749e-03
3.621527e+01 9.534765e-03 3.151753e-03 3.538572e-03
3.822916e+01 1.048036e-02 3.404921e-03 3.981450e-03
4.024305e+01 1.137483e-02 3.681748e-03 4.595986e-03
4.225695e+01 1.236368e-02 4.118874e-03 5.010194e-03
4.427084e+01 1.323094e-02 4.408374e-03 5.518575e-03
4.628473e+01 1.405134e-02 4.738665e-03 5.984382e-03
4.829861e+01 1.497907e-02 5.179107e-03 6.635031e-03
5.031250e+01 1.579899e-02 5.488760e-03 7.121812e-03
5.232639e+01 1.673784e-02 5.921922e-03 7.586273e-03
5.434027e+01 1.749934e-02 6.257648e-03 8.262763e-03
5.635416e+01 1.817311e-02 6.551159e-03 8.543021e-03
5.836805e+01 1.902899e-02 7.081622e-03 9.151339e-03
6.038195e+01 1.985607e-02 7.665162e-03 9.239321e-03
6.239584e+01 2.043287e-02 7.843190e-03 9.632016e-03
6.440972e+01 2.145348e-02 8.371351e-03 1.028587e-02
6.642361e+01 2.231563e-02 8.822581e-03 1.064003e-02
6.843750e+01 2.317787e-02 9.247815e-03 1.117680e-02
7.045139e+01 2.358491e-02 9.429992e-03 1.153026e-02
7.246527e+01 2.492041e-02 9.847425e-03 1.227287e-02
7.447916e+01 2.593826e-02 1.023489e-02 1.307084e-02
7.649305e+01 2.667266e-02 1.054236e-02 1.370589e-02
7.850695e+01 2.779896e-02 1.119306e-02 1.386784e-02
8.052084e+01 2.903954e-02 1.166713e-02 1.466346e-02
8.253473e+01 2.990982e-02 1.223949e-02 1.480280e-02
8.454861e+01 3.104520e-02 1.278757e-02 1.534889e-02
8.656250e+01 3.250950e-02 1.340181e-02 1.616939e-02
8.857639e+01 3.395204e-02 1.379561e-02 1.779779e-02
9.059027e+01 3.519159e-02 1.420681e-02 1.833102e-02
9.260416e+01 3.685992e-02 1.490196e-02 1.909958e-02
9.461805e+01 3.865238e-02 1.586346e-02 2.037621e-02
9.663195e+01 4.025148e-02 1.636102e-02 2.093572e-02
9.864584e+01 4.237798e-02 1.705072e-02 2.299280e-02
1.006597e+02 4.487322e-02 1.830706e-02 2.408348e-02
1.026737e+02 4.650323e-02 1.892492e-02 2.512775e-02
1.046875e+02 4.919579e-02 1.985549e-02 2.734476e-02
1.067013e+02 5.093075e-02 2.030972e-02 2.847240e-02
1.087152e+02 5.455262e-02 2.172397e-02 3.183588e-02
1.107292e+02 5.670399e-02 2.262796e-02 3.294041e-02
1.127430e+02 5.956982e-02 2.389681e-02 3.557132e-02
1.147570e+02 6.310939e-02 2.491375e-02 3.920346e-02
1.167708e+02 6.652957e-02 2.661356e-02 4.186503e-02
1.187848e+02 6.978052e-02 2.867179e-02 4.275302e-02
1.207987e+02 7.321950e-02 3.084882e-02 4.492889e-02
1.228125e+02 7.883989e-02 3.359722e-02 4.834661e-02
1.248263e+02 8.187276e-02 3.572623e-02 4.991242e-02
1.268402e+02 8.512737e-02 3.747194e-02 5.336005e-02
1.288542e+02 9.192947e-02 4.143732e-02 5.793105e-02
1.308680e+02 9.605635e-02 4.414790e-02 6.194059e-02
1.328820e+02 1.005171e-01 4.659131e-02 6.634034e-02
1.348958e+02 1.060568e-01 5.048889e-02 7.095340e-02
1.369098e+02 1.125739e-01 5.362460e-02 7.965822e-02
1.389237e+02 1.191731e-01 5.812779e-02 8.785391e-02
1.409375e+02 1.235140e-01 6.097257e-02 9.436009e-02
1.429513e+02 1.317987e-01 6.713555e-02 1.044041e-01
1.449652e+02 1.391586e-01 7.181233e-02 1.149519e-01
1.469792e+02 1.466327e-01 7.854004e-02 1.291874e-01
1.489930e+02 1.531568e-01 8.406182e-02 1.408370e-01
