0.100521 0.00294549 0.00 0.00
0.100521 0.00294549 0.00126923 0.00147114
0.11059 0.00345201 0.00136112 0.00166793
0.12066 0.00420015 0.00150151 0.00189726
0.130729 0.00502366 0.00158014 0.00227794
0.140799 0.00585539 0.00174263 0.00258778
0.150868 0.00676616 0.00203451 0.00278592
0.160938 0.00765409 0.00232522 0.00302164
0.171007 0.00863788 0.00274137 0.00330675
0.181076 0.00953477 0.00315175 0.00353857
0.191146 0.0104804 0.00340492 0.00398145
0.201215 0.0113748 0.00368175 0.00459599
0.211285 0.0123637 0.00411887 0.00501019
0.221354 0.0132309 0.00440837 0.00551858
0.231424 0.0140513 0.00473867 0.00598438
0.241493 0.0149791 0.00517911 0.00663503
0.251563 0.015799 0.00548876 0.00712181
0.261632 0.0167378 0.00592192 0.00758627
0.271701 0.0174993 0.00625765 0.00826276
0.281771 0.0181731 0.00655116 0.00854302
0.29184 0.019029 0.00708162 0.00915134
0.30191 0.0198561 0.00766516 0.00923932
0.311979 0.0204329 0.00784319 0.00963202
0.322049 0.0214535 0.00837135 0.0102859
0.332118 0.0223156 0.00882258 0.01064
0.342187 0.0231779 0.00924781 0.0111768
0.352257 0.0235849 0.00942999 0.0115303
0.362326 0.0249204 0.00984742 0.0122729
0.372396 0.0259383 0.0102349 0.0130708
0.382465 0.0266727 0.0105424 0.0137059
0.392535 0.027799 0.0111931 0.0138678
0.402604 0.0290395 0.0116671 0.0146635
0.412674 0.0299098 0.0122395 0.0148028
0.422743 0.0310452 0.0127876 0.0153489
0.432812 0.0325095 0.0134018 0.0161694
0.442882 0.033952 0.0137956 0.0177978
0.452951 0.0351916 0.0142068 0.018331
0.463021 0.0368599 0.014902 0.0190996
0.47309 0.0386524 0.0158635 0.0203762
0.48316 0.0402515 0.016361 0.0209357
0.493229 0.042378 0.0170507 0.0229928
0.503298 0.0448732 0.0183071 0.0240835
0.513369 0.0465032 0.0189249 0.0251278
0.523438 0.0491958 0.0198555 0.0273448
0.533506 0.0509307 0.0203097 0.0284724
0.543576 0.0545526 0.021724 0.0318359
0.553646 0.056704 0.022628 0.0329404
0.563715 0.0595698 0.0238968 0.0355713
0.573785 0.0631094 0.0249137 0.0392035
0.583854 0.0665296 0.0266136 0.041865
0.593924 0.0697805 0.0286718 0.042753
0.603993 0.0732195 0.0308488 0.0449289
0.614062 0.0788399 0.0335972 0.0483466
0.624132 0.0818728 0.0357262 0.0499124
0.634201 0.0851274 0.0374719 0.05336
0.644271 0.0919295 0.0414373 0.057931
0.65434 0.0960563 0.0441479 0.0619406
0.66441 0.100517 0.0465913 0.0663403
0.674479 0.106057 0.0504889 0.0709534
0.684549 0.112574 0.0536246 0.0796582
0.694619 0.119173 0.0581278 0.0878539
0.704688 0.123514 0.0609726 0.0943601
0.714757 0.131799 0.0671356 0.104404
0.724826 0.139159 0.0718123 0.114952
0.734896 0.146633 0.07854 0.129187
0.744965 0.153157 0.0840618 0.140837
