0.100521 0.00316262 0.00 0.00
0.100521 0.00316262 0.00141537 0.00162201
0.11059 0.00380957 0.0015157 0.00183965
0.12066 0.00462819 0.00165637 0.00206506
0.130729 0.00552298 0.00178004 0.00236662
0.140799 0.006418 0.00192077 0.00269003
0.150868 0.00741457 0.00219102 0.0029353
0.160938 0.00838724 0.00249171 0.00317608
0.171007 0.00941699 0.00286653 0.00345108
0.181076 0.0104101 0.00319999 0.00381599
0.191146 0.0114536 0.00359475 0.00413704
0.201215 0.0124514 0.00399196 0.00460099
0.211285 0.0134806 0.00440123 0.00503349
0.221354 0.0144672 0.00470595 0.00556942
0.231424 0.0154259 0.00515335 0.00591408
0.241493 0.0164489 0.00537936 0.00687834
0.251563 0.0174195 0.00583922 0.00728571
0.261632 0.0184607 0.00623511 0.00790374
0.271701 0.0194023 0.00678509 0.0082798
0.281771 0.0202932 0.00692535 0.00911901
0.29184 0.0212665 0.00755797 0.00963945
0.30191 0.022258 0.00819039 0.00976776
0.311979 0.0230838 0.00854209 0.0102376
0.322049 0.0241535 0.00907459 0.0108375
0.332118 0.0252295 0.0093888 0.0117925
0.342187 0.0262883 0.00985097 0.01236
0.352257 0.0269196 0.0102449 0.0127122
0.362326 0.0283346 0.0109902 0.0131243
0.372396 0.0294962 0.011397 0.0139364
0.382465 0.030557 0.0119939 0.0146439
0.392535 0.0318145 0.0128677 0.0146758
0.402604 0.0330322 0.0132529 0.0155724
0.412674 0.0343117 0.0139786 0.0162822
0.422743 0.0354397 0.0145092 0.0166275
0.432812 0.0372809 0.015199 0.0178702
0.442882 0.0387353 0.0157145 0.0192016
0.452951 0.0401157 0.0164066 0.0196176
0.463021 0.0418395 0.0168164 0.0209237
0.47309 0.043884 0.0179006 0.0221342
0.48316 0.045575 0.0182197 0.0233716
0.493229 0.0478093 0.0189473 0.0255828
0.503298 0.0502111 0.0201874 0.0266962
0.513369 0.0522136 0.0209048 0.0281465
0.523438 0.0547349 0.0220446 0.0296352
0.533506 0.0567595 0.0230991 0.0304663
0.543576 0.0602801 0.0241116 0.0344467
0.553646 0.0626307 0.0255594 0.0349572
0.563715 0.065524 0.0261813 0.0389224
0.573785 0.0690962 0.0281573 0.0407347
0.583854 0.0725996 0.0299984 0.0434924
0.593924 0.0758009 0.0316896 0.0455944
0.603993 0.079476 0.0334627 0.0490531
0.614062 0.0849339 0.0365161 0.0522018
0.624132 0.0882645 0.0392106 0.0531115
0.634201 0.0913865 0.0409097 0.0570144
0.644271 0.0982555 0.0439276 0.0637826
0.65434 0.102439 0.0471453 0.0674855
0.66441 0.107043 0.0500245 0.0714943
0.674479 0.112459 0.0534992 0.0771552
0.684549 0.119505 0.0575 0.0861922
0.694619 0.125811 0.0619613 0.0941922
0.704688 0.129831 0.0651808 0.0991216
0.714757 0.138683 0.0715292 0.111704
0.724826 0.145763 0.0761086 0.122357
0.734896 0.152971 0.0828664 0.136142
0.744965 0.159949 0.0904115 0.146023
