5.150000e+00 0.000000e+00
5.450000e+00 0.000000e+00
5.750000e+00 0.000000e+00
6.050000e+00 0.000000e+00
6.350000e+00 0.000000e+00
6.650000e+00 0.000000e+00
6.950000e+00 0.000000e+00
7.250000e+00 0.000000e+00
7.550000e+00 0.000000e+00
7.850000e+00 0.000000e+00
8.150000e+00 0.000000e+00
8.450000e+00 0.000000e+00
8.750000e+00 0.000000e+00
9.050000e+00 0.000000e+00
9.350000e+00 0.000000e+00
9.650000e+00 0.000000e+00
9.950000e+00 0.000000e+00
1.025000e+01 0.000000e+00
1.055000e+01 0.000000e+00
1.085000e+01 0.000000e+00
1.115000e+01 0.000000e+00
1.145000e+01 0.000000e+00
1.175000e+01 0.000000e+00
1.205000e+01 0.000000e+00
1.235000e+01 0.000000e+00
1.265000e+01 2.643862e-03
1.295000e+01 6.448729e-03
1.325000e+01 6.920963e-03
1.355000e+01 6.531631e-03
1.385000e+01 6.189935e-03
1.415000e+01 5.820144e-03
1.445000e+01 5.850144e-03
1.475000e+01 5.943728e-03
1.505000e+01 6.042226e-03
1.535000e+01 6.087538e-03
1.565000e+01 6.081052e-03
1.595000e+01 5.696866e-03
1.625000e+01 4.256729e-03
1.655000e+01 3.458730e-03
1.685000e+01 3.040214e-03
1.715000e+01 2.929130e-03
1.745000e+01 3.039627e-03
1.775000e+01 3.139437e-03
1.805000e+01 3.345397e-03
1.835000e+01 3.469278e-03
1.865000e+01 3.636704e-03
1.895000e+01 3.698033e-03
1.925000e+01 3.941651e-03
1.955000e+01 4.066348e-03
1.985000e+01 4.261195e-03
2.020000e+01 4.401468e-03
2.060000e+01 4.604291e-03
2.100000e+01 4.788714e-03
2.140000e+01 5.092661e-03
2.180000e+01 5.301723e-03
2.220000e+01 5.556377e-03
2.260000e+01 5.849224e-03
2.300000e+01 6.043710e-03
2.340000e+01 6.238283e-03
2.380000e+01 6.546721e-03
2.425000e+01 6.904526e-03
2.475000e+01 7.146704e-03
2.525000e+01 7.492660e-03
2.575000e+01 7.862777e-03
2.625000e+01 8.279099e-03
2.675000e+01 8.475533e-03
2.725000e+01 8.926583e-03
2.775000e+01 9.381073e-03
2.825000e+01 9.657356e-03
2.875000e+01 9.938404e-03
2.925000e+01 1.045768e-02
2.975000e+01 1.081698e-02
3.025000e+01 1.110519e-02
3.075000e+01 1.173960e-02
3.125000e+01 1.202789e-02
3.175000e+01 1.241171e-02
3.225000e+01 1.275164e-02
3.275000e+01 1.301077e-02
3.325000e+01 1.361808e-02
3.375000e+01 1.411710e-02
3.435000e+01 1.430178e-02
3.505000e+01 1.507574e-02
3.575000e+01 1.575296e-02
3.645000e+01 1.624042e-02
3.715000e+01 1.699311e-02
3.785000e+01 1.730127e-02
3.855000e+01 1.819528e-02
3.925000e+01 1.865164e-02
3.995000e+01 1.907290e-02
4.065000e+01 2.007476e-02
4.140000e+01 2.058433e-02
4.220000e+01 2.123480e-02
4.300000e+01 2.226158e-02
4.380000e+01 2.257221e-02
4.460000e+01 2.315413e-02
4.540000e+01 2.456626e-02
4.620000e+01 2.465470e-02
4.700000e+01 2.546000e-02
4.780000e+01 2.632160e-02
4.860000e+01 2.760655e-02
4.950000e+01 2.745897e-02
5.050000e+01 2.861770e-02
5.150000e+01 3.000969e-02
5.250000e+01 3.052735e-02
5.350000e+01 3.191224e-02
5.450000e+01 3.164506e-02
5.550000e+01 3.347917e-02
5.650000e+01 3.401212e-02
5.750000e+01 3.536789e-02
5.850000e+01 3.670263e-02
6.010000e+01 3.749646e-02
6.230000e+01 3.949193e-02
6.450000e+01 4.146595e-02
6.670000e+01 4.428252e-02
6.890000e+01 4.598939e-02
7.140000e+01 4.865784e-02
7.420000e+01 5.153670e-02
7.700000e+01 5.511016e-02
7.980000e+01 5.757935e-02
8.260000e+01 6.045945e-02
8.570000e+01 6.429625e-02
8.910000e+01 6.769833e-02
9.250000e+01 7.135074e-02
9.590000e+01 7.585565e-02
9.930000e+01 8.028589e-02
1.030000e+02 8.443619e-02
1.070000e+02 9.089653e-02
1.110000e+02 9.535045e-02
1.150000e+02 1.023885e-01
1.190000e+02 1.106937e-01
1.234000e+02 1.172014e-01
1.282000e+02 1.268347e-01
1.330000e+02 1.356801e-01
1.378000e+02 1.453614e-01
1.426000e+02 1.547298e-01
1.475000e+02 1.640449e-01
