0.02575 0
0.02725 0
0.02875 0
0.03025 0
0.03175 0
0.03325 0
0.03475 0
0.03625 0
0.03775 0
0.03925 0
0.04075 0
0.04225 0
0.04375 0
0.04525 0
0.04675 0
0.04825 0
0.04975 0
0.05125 0
0.05275 0
0.05425 0
0.05575 0
0.05725 0
0.05875 0
0.06025 0
0.06175 0
0.06325 0.00264386
0.06475 0.00644873
0.06625 0.00692096
0.06775 0.00653163
0.06925 0.00618993
0.07075 0.00582014
0.07225 0.00585014
0.07375 0.00594373
0.07525 0.00604223
0.07675 0.00608754
0.07825 0.00608105
0.07975 0.00569687
0.08125 0.00425673
0.08275 0.00345873
0.08425 0.00304021
0.08575 0.00292913
0.08725 0.00303963
0.08875 0.00313944
0.09025 0.0033454
0.09175 0.00346928
0.09325 0.0036367
0.09475 0.00369803
0.09625 0.00394165
0.09775 0.00406635
0.09925 0.00426119
0.101 0.00440147
0.103 0.00460429
0.105 0.00478871
0.107 0.00509266
0.109 0.00530172
0.111 0.00555638
0.113 0.00584922
0.115 0.00604371
0.117 0.00623828
0.119 0.00654672
0.12125 0.00690453
0.12375 0.0071467
0.12625 0.00749266
0.12875 0.00786278
0.13125 0.0082791
0.13375 0.00847553
0.13625 0.00892658
0.13875 0.00938107
0.14125 0.00965736
0.14375 0.0099384
0.14625 0.0104577
0.14875 0.010817
0.15125 0.0111052
0.15375 0.0117396
0.15625 0.0120279
0.15875 0.0124117
0.16125 0.0127516
0.16375 0.0130108
0.16625 0.0136181
0.16875 0.0141171
0.17175 0.0143018
0.17525 0.0150757
0.17875 0.015753
0.18225 0.0162404
0.18575 0.0169931
0.18925 0.0173013
0.19275 0.0181953
0.19625 0.0186516
0.19975 0.0190729
0.20325 0.0200748
0.207 0.0205843
0.211 0.0212348
0.215 0.0222616
0.219 0.0225722
0.223 0.0231541
0.227 0.0245663
0.231 0.0246547
0.235 0.02546
0.239 0.0263216
0.243 0.0276066
0.2475 0.027459
0.2525 0.0286177
0.2575 0.0300097
0.2625 0.0305274
0.2675 0.0319122
0.2725 0.0316451
0.2775 0.0334792
0.2825 0.0340121
0.2875 0.0353679
0.2925 0.0367026
0.3005 0.0374965
0.3115 0.0394919
0.3225 0.041466
0.3335 0.0442825
0.3445 0.0459894
0.357 0.0486578
0.371 0.0515367
0.385 0.0551102
0.399 0.0575794
0.413 0.0604594
0.4285 0.0642962
0.4455 0.0676983
0.4625 0.0713507
0.4795 0.0758556
0.4965 0.0802859
0.515 0.0844362
0.535 0.0908965
0.555 0.0953505
0.575 0.102388
0.595 0.110694
0.617 0.117201
0.641 0.126835
0.665 0.13568
0.689 0.145361
0.713 0.15473
0.7375 0.164045
