5.150000e+00 0.000000e+00
5.450000e+00 0.000000e+00
5.750000e+00 0.000000e+00
6.050000e+00 0.000000e+00
6.350000e+00 0.000000e+00
6.650000e+00 0.000000e+00
6.950000e+00 0.000000e+00
7.250000e+00 0.000000e+00
7.550000e+00 0.000000e+00
7.850000e+00 0.000000e+00
8.150000e+00 0.000000e+00
8.450000e+00 0.000000e+00
8.750000e+00 0.000000e+00
9.050000e+00 0.000000e+00
9.350000e+00 0.000000e+00
9.650000e+00 0.000000e+00
9.950000e+00 0.000000e+00
1.025000e+01 0.000000e+00
1.055000e+01 0.000000e+00
1.085000e+01 0.000000e+00
1.115000e+01 0.000000e+00
1.145000e+01 0.000000e+00
1.175000e+01 0.000000e+00
1.205000e+01 0.000000e+00
1.235000e+01 0.000000e+00
1.265000e+01 3.199237e-02
1.295000e+01 5.286414e-03
1.325000e+01 7.167915e-03
1.355000e+01 6.528581e-03
1.385000e+01 6.305856e-03
1.415000e+01 5.834110e-03
1.445000e+01 5.785034e-03
1.475000e+01 5.769686e-03
1.505000e+01 5.781075e-03
1.535000e+01 5.789746e-03
1.565000e+01 5.818280e-03
1.595000e+01 5.727951e-03
1.625000e+01 5.315783e-03
1.655000e+01 4.903980e-03
1.685000e+01 4.568455e-03
1.715000e+01 4.288487e-03
1.745000e+01 4.006957e-03
1.775000e+01 3.818441e-03
1.805000e+01 3.644409e-03
1.835000e+01 3.554476e-03
1.865000e+01 3.485948e-03
1.895000e+01 3.439768e-03
1.925000e+01 3.426688e-03
1.955000e+01 3.453688e-03
1.985000e+01 3.437585e-03
2.020000e+01 3.530164e-03
2.060000e+01 3.647541e-03
2.100000e+01 3.724257e-03
2.140000e+01 3.918328e-03
2.180000e+01 4.047725e-03
2.220000e+01 4.288155e-03
2.260000e+01 4.448704e-03
2.300000e+01 4.622345e-03
2.340000e+01 4.877188e-03
2.380000e+01 5.120218e-03
2.425000e+01 5.279962e-03
2.475000e+01 5.574025e-03
2.525000e+01 5.787663e-03
2.575000e+01 6.100413e-03
2.625000e+01 6.375908e-03
2.675000e+01 6.724677e-03
2.725000e+01 6.939375e-03
2.775000e+01 7.245812e-03
2.825000e+01 7.501467e-03
2.875000e+01 7.919714e-03
2.925000e+01 8.092475e-03
2.975000e+01 8.528216e-03
3.025000e+01 8.656244e-03
3.075000e+01 9.061984e-03
3.125000e+01 9.371248e-03
3.175000e+01 9.785538e-03
3.225000e+01 1.002307e-02
3.275000e+01 1.036964e-02
3.325000e+01 1.060633e-02
3.375000e+01 1.110548e-02
3.435000e+01 1.130182e-02
3.505000e+01 1.193020e-02
3.575000e+01 1.243851e-02
3.645000e+01 1.250917e-02
3.715000e+01 1.336953e-02
3.785000e+01 1.375835e-02
3.855000e+01 1.429198e-02
3.925000e+01 1.498649e-02
3.995000e+01 1.526439e-02
4.065000e+01 1.570171e-02
4.140000e+01 1.635374e-02
4.220000e+01 1.677989e-02
4.300000e+01 1.774081e-02
4.380000e+01 1.783142e-02
4.460000e+01 1.844966e-02
4.540000e+01 1.917853e-02
4.620000e+01 1.957760e-02
4.700000e+01 2.020175e-02
4.780000e+01 2.103208e-02
4.860000e+01 2.137729e-02
4.950000e+01 2.173264e-02
5.050000e+01 2.301990e-02
5.150000e+01 2.328700e-02
5.250000e+01 2.390602e-02
5.350000e+01 2.479332e-02
5.450000e+01 2.548522e-02
5.550000e+01 2.642883e-02
5.650000e+01 2.699771e-02
5.750000e+01 2.736506e-02
5.850000e+01 2.793684e-02
6.010000e+01 2.879645e-02
6.230000e+01 3.038612e-02
6.450000e+01 3.129802e-02
6.670000e+01 3.303012e-02
6.890000e+01 3.445052e-02
7.140000e+01 3.554673e-02
7.420000e+01 3.701988e-02
7.700000e+01 3.853868e-02
7.980000e+01 4.084585e-02
8.260000e+01 4.194676e-02
8.570000e+01 4.363785e-02
8.910000e+01 4.640237e-02
9.250000e+01 4.788685e-02
9.590000e+01 4.988088e-02
9.930000e+01 5.306903e-02
1.030000e+02 5.555302e-02
1.070000e+02 5.915559e-02
1.110000e+02 6.266790e-02
1.150000e+02 6.676429e-02
1.190000e+02 7.042543e-02
1.234000e+02 7.586270e-02
1.282000e+02 8.201865e-02
1.330000e+02 8.638936e-02
1.378000e+02 9.366688e-02
1.426000e+02 1.020270e-01
1.475000e+02 1.079339e-01
