0.02575 0
0.02725 0
0.02875 0
0.03025 0
0.03175 0
0.03325 0
0.03475 0
0.03625 0
0.03775 0
0.03925 0
0.04075 0
0.04225 0
0.04375 0
0.04525 0
0.04675 0
0.04825 0
0.04975 0
0.05125 0
0.05275 0
0.05425 0
0.05575 0
0.05725 0
0.05875 0
0.06025 0
0.06175 0
0.06325 0.0319924
0.06475 0.00528641
0.06625 0.00716792
0.06775 0.00652858
0.06925 0.00630586
0.07075 0.00583411
0.07225 0.00578503
0.07375 0.00576969
0.07525 0.00578108
0.07675 0.00578975
0.07825 0.00581828
0.07975 0.00572795
0.08125 0.00531578
0.08275 0.00490398
0.08425 0.00456845
0.08575 0.00428849
0.08725 0.00400696
0.08875 0.00381844
0.09025 0.00364441
0.09175 0.00355448
0.09325 0.00348595
0.09475 0.00343977
0.09625 0.00342669
0.09775 0.00345369
0.09925 0.00343758
0.101 0.00353016
0.103 0.00364754
0.105 0.00372426
0.107 0.00391833
0.109 0.00404773
0.111 0.00428816
0.113 0.0044487
0.115 0.00462234
0.117 0.00487719
0.119 0.00512022
0.12125 0.00527996
0.12375 0.00557402
0.12625 0.00578766
0.12875 0.00610041
0.13125 0.00637591
0.13375 0.00672468
0.13625 0.00693938
0.13875 0.00724581
0.14125 0.00750147
0.14375 0.00791971
0.14625 0.00809248
0.14875 0.00852822
0.15125 0.00865624
0.15375 0.00906198
0.15625 0.00937125
0.15875 0.00978554
0.16125 0.0100231
0.16375 0.0103696
0.16625 0.0106063
0.16875 0.0111055
0.17175 0.0113018
0.17525 0.0119302
0.17875 0.0124385
0.18225 0.0125092
0.18575 0.0133695
0.18925 0.0137584
0.19275 0.014292
0.19625 0.0149865
0.19975 0.0152644
0.20325 0.0157017
0.207 0.0163537
0.211 0.0167799
0.215 0.0177408
0.219 0.0178314
0.223 0.0184497
0.227 0.0191785
0.231 0.0195776
0.235 0.0202018
0.239 0.0210321
0.243 0.0213773
0.2475 0.0217326
0.2525 0.0230199
0.2575 0.023287
0.2625 0.023906
0.2675 0.0247933
0.2725 0.0254852
0.2775 0.0264288
0.2825 0.0269977
0.2875 0.0273651
0.2925 0.0279368
0.3005 0.0287965
0.3115 0.0303861
0.3225 0.031298
0.3335 0.0330301
0.3445 0.0344505
0.357 0.0355467
0.371 0.0370199
0.385 0.0385387
0.399 0.0408459
0.413 0.0419468
0.4285 0.0436378
0.4455 0.0464024
0.4625 0.0478869
0.4795 0.0498809
0.4965 0.053069
0.515 0.055553
0.535 0.0591556
0.555 0.0626679
0.575 0.0667643
0.595 0.0704254
0.617 0.0758627
0.641 0.0820186
0.665 0.0863894
0.689 0.0936669
0.713 0.102027
0.7375 0.107934
