0.02575 0
0.02725 0
0.02875 0
0.03025 0
0.03175 0
0.03325 0
0.03475 0
0.03625 0
0.03775 0
0.03925 0
0.04075 0
0.04225 0
0.04375 0
0.04525 0
0.04675 0
0.04825 0
0.04975 0
0.05125 0
0.05275 0
0.05425 0
0.05575 0
0.05725 0
0.05875 0
0.06025 0
0.06175 0
0.06325 0.00326816
0.06475 0.00634042
0.06625 0.00695163
0.06775 0.00653116
0.06925 0.00620736
0.07075 0.00582244
0.07225 0.0058371
0.07375 0.00590272
0.07525 0.00597282
0.07675 0.0060029
0.07825 0.00600643
0.07975 0.00570511
0.08125 0.00468682
0.08275 0.00414504
0.08425 0.00384418
0.08575 0.00369471
0.08725 0.00359977
0.08875 0.00353717
0.09025 0.00352315
0.09175 0.00352042
0.09325 0.0035455
0.09475 0.00354107
0.09625 0.00362786
0.09775 0.00369236
0.09925 0.00375751
0.101 0.00387114
0.103 0.00402602
0.105 0.00414619
0.107 0.00438528
0.109 0.00454476
0.111 0.00479339
0.113 0.00500286
0.115 0.00518601
0.117 0.00541504
0.119 0.00568608
0.12125 0.00591887
0.12375 0.00619765
0.12625 0.00645847
0.12875 0.00679485
0.13125 0.00712201
0.13375 0.0074124
0.13625 0.00772212
0.13875 0.00807444
0.14125 0.0083443
0.14375 0.00871024
0.14625 0.00900888
0.14875 0.00941983
0.15125 0.00960438
0.15375 0.0100985
0.15625 0.0104016
0.15875 0.0107985
0.16125 0.0110704
0.16375 0.0113949
0.16625 0.0117552
0.16875 0.0122538
0.17175 0.0124415
0.17525 0.0131329
0.17875 0.0137005
0.18225 0.0139189
0.18575 0.0147216
0.18925 0.0150969
0.19275 0.0157441
0.19625 0.0163567
0.19975 0.0166855
0.20325 0.0173174
0.207 0.0179224
0.211 0.0184122
0.215 0.0193857
0.219 0.019559
0.223 0.0201458
0.227 0.0211214
0.231 0.0213864
0.235 0.0220654
0.239 0.022913
0.243 0.0235714
0.2475 0.0237384
0.2525 0.0249879
0.2575 0.0256002
0.2625 0.0262116
0.2675 0.0271914
0.2725 0.027589
0.2775 0.0288008
0.2825 0.0293579
0.2875 0.0300058
0.2925 0.0307893
0.3005 0.0316097
0.3115 0.0332803
0.3225 0.0344589
0.3335 0.0364455
0.3445 0.0378757
0.357 0.0393381
0.371 0.0410698
0.385 0.0429807
0.399 0.0452301
0.413 0.0466121
0.4285 0.0485967
0.4455 0.0512881
0.4625 0.0529648
0.4795 0.0551979
0.4965 0.0583827
0.515 0.0607866
0.535 0.064504
0.555 0.0677684
0.575 0.0718385
0.595 0.0756339
0.617 0.0808003
0.641 0.0868098
0.665 0.0910984
0.689 0.0980523
0.713 0.106086
0.7375 0.111808
