5.150000e+00 0.000000e+00
5.450000e+00 0.000000e+00
5.750000e+00 0.000000e+00
6.050000e+00 0.000000e+00
6.350000e+00 0.000000e+00
6.650000e+00 0.000000e+00
6.950000e+00 0.000000e+00
7.250000e+00 0.000000e+00
7.550000e+00 0.000000e+00
7.850000e+00 0.000000e+00
8.150000e+00 0.000000e+00
8.450000e+00 0.000000e+00
8.750000e+00 0.000000e+00
9.050000e+00 0.000000e+00
9.350000e+00 0.000000e+00
9.650000e+00 0.000000e+00
9.950000e+00 0.000000e+00
1.025000e+01 0.000000e+00
1.055000e+01 0.000000e+00
1.085000e+01 0.000000e+00
1.115000e+01 0.000000e+00
1.145000e+01 0.000000e+00
1.175000e+01 0.000000e+00
1.205000e+01 0.000000e+00
1.235000e+01 0.000000e+00
1.265000e+01 3.268163e-03
1.295000e+01 6.340416e-03
1.325000e+01 6.951632e-03
1.355000e+01 6.531155e-03
1.385000e+01 6.207364e-03
1.415000e+01 5.822444e-03
1.445000e+01 5.837099e-03
1.475000e+01 5.902717e-03
1.505000e+01 5.972815e-03
1.535000e+01 6.002898e-03
1.565000e+01 6.006431e-03
1.595000e+01 5.705112e-03
1.625000e+01 4.686818e-03
1.655000e+01 4.145040e-03
1.685000e+01 3.844184e-03
1.715000e+01 3.694715e-03
1.745000e+01 3.599772e-03
1.775000e+01 3.537166e-03
1.805000e+01 3.523154e-03
1.835000e+01 3.520419e-03
1.865000e+01 3.545504e-03
1.895000e+01 3.541075e-03
1.925000e+01 3.627857e-03
1.955000e+01 3.692365e-03
1.985000e+01 3.757513e-03
2.020000e+01 3.871144e-03
2.060000e+01 4.026017e-03
2.100000e+01 4.146185e-03
2.140000e+01 4.385279e-03
2.180000e+01 4.544764e-03
2.220000e+01 4.793390e-03
2.260000e+01 5.002860e-03
2.300000e+01 5.186014e-03
2.340000e+01 5.415041e-03
2.380000e+01 5.686076e-03
2.425000e+01 5.918868e-03
2.475000e+01 6.197652e-03
2.525000e+01 6.458470e-03
2.575000e+01 6.794851e-03
2.625000e+01 7.122015e-03
2.675000e+01 7.412404e-03
2.725000e+01 7.722122e-03
2.775000e+01 8.074445e-03
2.825000e+01 8.344296e-03
2.875000e+01 8.710243e-03
2.925000e+01 9.008884e-03
2.975000e+01 9.419832e-03
3.025000e+01 9.604375e-03
3.075000e+01 1.009849e-02
3.125000e+01 1.040164e-02
3.175000e+01 1.079854e-02
3.225000e+01 1.107044e-02
3.275000e+01 1.139487e-02
3.325000e+01 1.175521e-02
3.375000e+01 1.225376e-02
3.435000e+01 1.244154e-02
3.505000e+01 1.313289e-02
3.575000e+01 1.370052e-02
3.645000e+01 1.391890e-02
3.715000e+01 1.472159e-02
3.785000e+01 1.509687e-02
3.855000e+01 1.574411e-02
3.925000e+01 1.635671e-02
3.995000e+01 1.668545e-02
4.065000e+01 1.731740e-02
4.140000e+01 1.792238e-02
4.220000e+01 1.841218e-02
4.300000e+01 1.938566e-02
4.380000e+01 1.955896e-02
4.460000e+01 2.014576e-02
4.540000e+01 2.112138e-02
4.620000e+01 2.138642e-02
4.700000e+01 2.206542e-02
4.780000e+01 2.291303e-02
4.860000e+01 2.357136e-02
4.950000e+01 2.373840e-02
5.050000e+01 2.498788e-02
5.150000e+01 2.560019e-02
5.250000e+01 2.621164e-02
5.350000e+01 2.719145e-02
5.450000e+01 2.758898e-02
5.550000e+01 2.880082e-02
5.650000e+01 2.935786e-02
5.750000e+01 3.000581e-02
5.850000e+01 3.078928e-02
6.010000e+01 3.160974e-02
6.230000e+01 3.328032e-02
6.450000e+01 3.445892e-02
6.670000e+01 3.644552e-02
6.890000e+01 3.787570e-02
7.140000e+01 3.933808e-02
7.420000e+01 4.106984e-02
7.700000e+01 4.298069e-02
7.980000e+01 4.523007e-02
8.260000e+01 4.661212e-02
8.570000e+01 4.859667e-02
8.910000e+01 5.128810e-02
9.250000e+01 5.296483e-02
9.590000e+01 5.519788e-02
9.930000e+01 5.838275e-02
1.030000e+02 6.078662e-02
1.070000e+02 6.450398e-02
1.110000e+02 6.776843e-02
1.150000e+02 7.183849e-02
1.190000e+02 7.563394e-02
1.234000e+02 8.080029e-02
1.282000e+02 8.680984e-02
1.330000e+02 9.109839e-02
1.378000e+02 9.805235e-02
1.426000e+02 1.060860e-01
1.475000e+02 1.118076e-01
