1.204861e+01 5.601820e-03 1.832323e-03 2.599135e-03
1.406250e+01 5.055783e-03 1.684758e-03 2.060741e-03
1.607639e+01 4.288043e-03 1.571637e-03 1.868671e-03
1.809027e+01 3.001884e-03 1.373473e-03 1.544691e-03
2.010417e+01 3.162615e-03 1.415371e-03 1.622013e-03
2.211805e+01 3.809572e-03 1.515703e-03 1.839651e-03
2.413195e+01 4.628186e-03 1.656367e-03 2.065063e-03
2.614583e+01 5.522978e-03 1.780039e-03 2.366625e-03
2.815973e+01 6.418000e-03 1.920769e-03 2.690030e-03
3.017361e+01 7.414568e-03 2.191017e-03 2.935296e-03
3.218750e+01 8.387243e-03 2.491708e-03 3.176085e-03
3.420139e+01 9.416986e-03 2.866535e-03 3.451080e-03
3.621527e+01 1.041012e-02 3.199987e-03 3.815995e-03
3.822916e+01 1.145358e-02 3.594750e-03 4.137045e-03
4.024305e+01 1.245145e-02 3.991956e-03 4.600990e-03
4.225695e+01 1.348056e-02 4.401231e-03 5.033494e-03
4.427084e+01 1.446720e-02 4.705954e-03 5.569421e-03
4.628473e+01 1.542586e-02 5.153347e-03 5.914082e-03
4.829861e+01 1.644892e-02 5.379360e-03 6.878340e-03
5.031250e+01 1.741953e-02 5.839215e-03 7.285714e-03
5.232639e+01 1.846070e-02 6.235114e-03 7.903740e-03
5.434027e+01 1.940231e-02 6.785088e-03 8.279797e-03
5.635416e+01 2.029316e-02 6.925350e-03 9.119009e-03
5.836805e+01 2.126649e-02 7.557971e-03 9.639451e-03
6.038195e+01 2.225804e-02 8.190395e-03 9.767757e-03
6.239584e+01 2.308384e-02 8.542090e-03 1.023756e-02
6.440972e+01 2.415349e-02 9.074594e-03 1.083746e-02
6.642361e+01 2.522950e-02 9.388802e-03 1.179250e-02
6.843750e+01 2.628830e-02 9.850966e-03 1.235997e-02
7.045139e+01 2.691955e-02 1.024492e-02 1.271215e-02
7.246527e+01 2.833465e-02 1.099022e-02 1.312426e-02
7.447916e+01 2.949621e-02 1.139703e-02 1.393639e-02
7.649305e+01 3.055699e-02 1.199391e-02 1.464388e-02
7.850695e+01 3.181455e-02 1.286771e-02 1.467579e-02
8.052084e+01 3.303220e-02 1.325290e-02 1.557245e-02
8.253473e+01 3.431171e-02 1.397862e-02 1.628220e-02
8.454861e+01 3.543965e-02 1.450920e-02 1.662749e-02
8.656250e+01 3.728089e-02 1.519899e-02 1.787021e-02
8.857639e+01 3.873533e-02 1.571449e-02 1.920161e-02
9.059027e+01 4.011566e-02 1.640659e-02 1.961756e-02
9.260416e+01 4.183948e-02 1.681640e-02 2.092374e-02
9.461805e+01 4.388401e-02 1.790055e-02 2.213418e-02
9.663195e+01 4.557503e-02 1.821971e-02 2.337162e-02
9.864584e+01 4.780930e-02 1.894733e-02 2.558282e-02
1.006597e+02 5.021107e-02 2.018736e-02 2.669617e-02
1.026737e+02 5.221361e-02 2.090485e-02 2.814648e-02
1.046875e+02 5.473487e-02 2.204456e-02 2.963517e-02
1.067013e+02 5.675951e-02 2.309906e-02 3.046634e-02
1.087152e+02 6.028014e-02 2.411159e-02 3.444675e-02
1.107292e+02 6.263073e-02 2.555940e-02 3.495719e-02
1.127430e+02 6.552398e-02 2.618135e-02 3.892240e-02
1.147570e+02 6.909619e-02 2.815726e-02 4.073466e-02
1.167708e+02 7.259959e-02 2.999842e-02 4.349239e-02
1.187848e+02 7.580088e-02 3.168960e-02 4.559442e-02
1.207987e+02 7.947597e-02 3.346270e-02 4.905315e-02
1.228125e+02 8.493385e-02 3.651607e-02 5.220177e-02
1.248263e+02 8.826452e-02 3.921065e-02 5.311146e-02
1.268402e+02 9.138655e-02 4.090970e-02 5.701440e-02
1.288542e+02 9.825549e-02 4.392756e-02 6.378263e-02
1.308680e+02 1.024394e-01 4.714533e-02 6.748553e-02
1.328820e+02 1.070427e-01 5.002454e-02 7.149432e-02
1.348958e+02 1.124585e-01 5.349918e-02 7.715525e-02
1.369098e+02 1.195049e-01 5.749999e-02 8.619223e-02
1.389237e+02 1.258107e-01 6.196129e-02 9.419219e-02
1.409375e+02 1.298313e-01 6.518079e-02 9.912164e-02
1.429513e+02 1.386834e-01 7.152916e-02 1.117041e-01
1.449652e+02 1.457629e-01 7.610865e-02 1.223571e-01
1.469792e+02 1.529714e-01 8.286635e-02 1.361420e-01
1.489930e+02 1.599493e-01 9.041145e-02 1.460230e-01
