0.0300347 0
0.0401042 0
0.0501736 0
0.060243 0.00639121
0.0703125 0.00594488
0.0803819 0.00492649
0.0904513 0.00328726
0.100521 0.00431778
0.11059 0.00545893
0.12066 0.0067172
0.130729 0.00807556
0.140799 0.00955943
0.150868 0.011127
0.160938 0.0126576
0.171007 0.0143107
0.181076 0.0159955
0.191146 0.017757
0.201215 0.0195158
0.211285 0.0214048
0.221354 0.0229352
0.231424 0.024937
0.241493 0.0267621
0.251563 0.028562
0.261632 0.0304744
0.271701 0.0320266
0.281771 0.0340401
0.29184 0.0360998
0.30191 0.0380001
0.311979 0.039592
0.322049 0.0416905
0.332118 0.04358
0.342187 0.045575
0.352257 0.0475704
0.362326 0.0496943
0.372396 0.0519597
0.382465 0.0549966
0.392535 0.0564345
0.402604 0.0579518
0.412674 0.0608367
0.422743 0.0628115
0.432812 0.065463
0.442882 0.0664994
0.452951 0.0694328
0.463021 0.0724162
0.47309 0.0741505
0.48316 0.076511
0.493229 0.0790302
0.503298 0.0838418
0.513369 0.082633
0.523438 0.0881013
0.533506 0.0899456
0.543576 0.0931359
0.553646 0.0964521
0.563715 0.0968746
0.573785 0.103189
0.583854 0.103871
0.593924 0.112355
0.603993 0.112143
0.614062 0.118441
0.624132 0.123012
0.634201 0.123046
0.644271 0.130947
0.65434 0.132867
0.66441 0.133984
0.674479 0.140114
0.684549 0.144318
0.694619 0.149463
0.704688 0.153868
0.714757 0.157603
0.724826 0.15981
0.734896 0.161775
0.744965 0.165835
