6.006944e+00 0.000000e+00
8.020834e+00 0.000000e+00
1.003472e+01 0.000000e+00
1.204861e+01 6.391210e-03
1.406250e+01 5.944883e-03
1.607639e+01 4.926492e-03
1.809027e+01 3.287257e-03
2.010417e+01 4.317784e-03
2.211805e+01 5.458927e-03
2.413195e+01 6.717200e-03
2.614583e+01 8.075560e-03
2.815973e+01 9.559430e-03
3.017361e+01 1.112705e-02
3.218750e+01 1.265759e-02
3.420139e+01 1.431066e-02
3.621527e+01 1.599549e-02
3.822916e+01 1.775696e-02
4.024305e+01 1.951584e-02
4.225695e+01 2.140481e-02
4.427084e+01 2.293522e-02
4.628473e+01 2.493705e-02
4.829861e+01 2.676215e-02
5.031250e+01 2.856200e-02
5.232639e+01 3.047442e-02
5.434027e+01 3.202664e-02
5.635416e+01 3.404010e-02
5.836805e+01 3.609978e-02
6.038195e+01 3.800006e-02
6.239584e+01 3.959202e-02
6.440972e+01 4.169051e-02
6.642361e+01 4.358001e-02
6.843750e+01 4.557496e-02
7.045139e+01 4.757044e-02
7.246527e+01 4.969425e-02
7.447916e+01 5.195971e-02
7.649305e+01 5.499663e-02
7.850695e+01 5.643453e-02
8.052084e+01 5.795182e-02
8.253473e+01 6.083668e-02
8.454861e+01 6.281152e-02
8.656250e+01 6.546303e-02
8.857639e+01 6.649942e-02
9.059027e+01 6.943278e-02
9.260416e+01 7.241618e-02
9.461805e+01 7.415050e-02
9.663195e+01 7.651100e-02
9.864584e+01 7.903022e-02
1.006597e+02 8.384177e-02
1.026737e+02 8.263299e-02
1.046875e+02 8.810125e-02
1.067013e+02 8.994556e-02
1.087152e+02 9.313594e-02
1.107292e+02 9.645214e-02
1.127430e+02 9.687458e-02
1.147570e+02 1.031891e-01
1.167708e+02 1.038705e-01
1.187848e+02 1.123554e-01
1.207987e+02 1.121426e-01
1.228125e+02 1.184408e-01
1.248263e+02 1.230125e-01
1.268402e+02 1.230463e-01
1.288542e+02 1.309467e-01
1.308680e+02 1.328673e-01
1.328820e+02 1.339842e-01
1.348958e+02 1.401141e-01
1.369098e+02 1.443184e-01
1.389237e+02 1.494632e-01
1.409375e+02 1.538685e-01
1.429513e+02 1.576031e-01
1.449652e+02 1.598100e-01
1.469792e+02 1.617749e-01
1.489930e+02 1.658348e-01
