6.006944e+00 0.000000e+00
8.020834e+00 0.000000e+00
1.003472e+01 0.000000e+00
1.204861e+01 5.806405e-03
1.406250e+01 5.805800e-03
1.607639e+01 5.194410e-03
1.809027e+01 3.752373e-03
2.010417e+01 3.522446e-03
2.211805e+01 4.199897e-03
2.413195e+01 5.197887e-03
2.614583e+01 6.292737e-03
2.815973e+01 7.444958e-03
3.017361e+01 8.649136e-03
3.218750e+01 9.961403e-03
3.420139e+01 1.129728e-02
3.621527e+01 1.255855e-02
3.822916e+01 1.406658e-02
4.024305e+01 1.554924e-02
4.225695e+01 1.683562e-02
4.427084e+01 1.826379e-02
4.628473e+01 1.967155e-02
4.829861e+01 2.124691e-02
5.031250e+01 2.253300e-02
5.232639e+01 2.381887e-02
5.434027e+01 2.540464e-02
5.635416e+01 2.687803e-02
5.836805e+01 2.766608e-02
6.038195e+01 2.909284e-02
6.239584e+01 3.045264e-02
6.440972e+01 3.139323e-02
6.642361e+01 3.261431e-02
6.843750e+01 3.415285e-02
7.045139e+01 3.530369e-02
7.246527e+01 3.627276e-02
7.447916e+01 3.695762e-02
7.649305e+01 3.842297e-02
7.850695e+01 3.972465e-02
8.052084e+01 4.108204e-02
8.253473e+01 4.132494e-02
8.454861e+01 4.367580e-02
8.656250e+01 4.414171e-02
8.857639e+01 4.567529e-02
9.059027e+01 4.700076e-02
9.260416e+01 4.821826e-02
9.461805e+01 4.946877e-02
9.663195e+01 5.052919e-02
9.864584e+01 5.260962e-02
1.006597e+02 5.400967e-02
1.026737e+02 5.602365e-02
1.046875e+02 5.684420e-02
1.067013e+02 5.831095e-02
1.087152e+02 6.117219e-02
1.107292e+02 6.255532e-02
1.127430e+02 6.399821e-02
1.147570e+02 6.729533e-02
1.167708e+02 6.772355e-02
1.187848e+02 7.074481e-02
1.207987e+02 7.319852e-02
1.228125e+02 7.560955e-02
1.248263e+02 7.729510e-02
1.268402e+02 8.154687e-02
1.288542e+02 8.106431e-02
1.308680e+02 8.556504e-02
1.328820e+02 8.713482e-02
1.348958e+02 8.968340e-02
1.369098e+02 9.164107e-02
1.389237e+02 9.554939e-02
1.409375e+02 9.966072e-02
1.429513e+02 1.018687e-01
1.449652e+02 1.066898e-01
1.469792e+02 1.073210e-01
1.489930e+02 1.123798e-01
