0.0300347 0
0.0401042 0
0.0501736 0
0.060243 0.0058064
0.0703125 0.0058058
0.0803819 0.00519441
0.0904513 0.00375237
0.100521 0.00352245
0.11059 0.0041999
0.12066 0.00519789
0.130729 0.00629274
0.140799 0.00744496
0.150868 0.00864914
0.160938 0.0099614
0.171007 0.0112973
0.181076 0.0125585
0.191146 0.0140666
0.201215 0.0155492
0.211285 0.0168356
0.221354 0.0182638
0.231424 0.0196715
0.241493 0.0212469
0.251563 0.022533
0.261632 0.0238189
0.271701 0.0254046
0.281771 0.026878
0.29184 0.0276661
0.30191 0.0290928
0.311979 0.0304526
0.322049 0.0313932
0.332118 0.0326143
0.342187 0.0341528
0.352257 0.0353037
0.362326 0.0362728
0.372396 0.0369576
0.382465 0.038423
0.392535 0.0397247
0.402604 0.041082
0.412674 0.0413249
0.422743 0.0436758
0.432812 0.0441417
0.442882 0.0456753
0.452951 0.0470008
0.463021 0.0482183
0.47309 0.0494688
0.48316 0.0505292
0.493229 0.0526096
0.503298 0.0540097
0.513369 0.0560237
0.523438 0.0568442
0.533506 0.058311
0.543576 0.0611722
0.553646 0.0625553
0.563715 0.0639982
0.573785 0.0672953
0.583854 0.0677235
0.593924 0.0707448
0.603993 0.0731985
0.614062 0.0756095
0.624132 0.0772951
0.634201 0.0815469
0.644271 0.0810643
0.65434 0.085565
0.66441 0.0871348
0.674479 0.0896834
0.684549 0.0916411
0.694619 0.0955494
0.704688 0.0996607
0.714757 0.101869
0.724826 0.10669
0.734896 0.107321
0.744965 0.11238
