6.006944e+00 0.000000e+00
8.020834e+00 0.000000e+00
1.003472e+01 0.000000e+00
1.204861e+01 6.338963e-03
1.406250e+01 5.914198e-03
1.607639e+01 5.027013e-03
1.809027e+01 3.561836e-03
2.010417e+01 3.834018e-03
2.211805e+01 4.699880e-03
2.413195e+01 5.797899e-03
2.614583e+01 6.994474e-03
2.815973e+01 8.269883e-03
3.017361e+01 9.610100e-03
3.218750e+01 1.100071e-02
3.420139e+01 1.244796e-02
3.621527e+01 1.386058e-02
3.822916e+01 1.544864e-02
4.024305e+01 1.702423e-02
4.225695e+01 1.850864e-02
4.427084e+01 1.995990e-02
4.628473e+01 2.155294e-02
4.829861e+01 2.319495e-02
5.031250e+01 2.463981e-02
5.232639e+01 2.611519e-02
5.434027e+01 2.764957e-02
5.635416e+01 2.928287e-02
5.836805e+01 3.041744e-02
6.038195e+01 3.197954e-02
6.239584e+01 3.334701e-02
6.440972e+01 3.459202e-02
6.642361e+01 3.595251e-02
6.843750e+01 3.757678e-02
7.045139e+01 3.887240e-02
7.246527e+01 4.011290e-02
7.447916e+01 4.112995e-02
7.649305e+01 4.289932e-02
7.850695e+01 4.412525e-02
8.052084e+01 4.545351e-02
8.253473e+01 4.621195e-02
8.454861e+01 4.836403e-02
8.656250e+01 4.921105e-02
8.857639e+01 5.049108e-02
9.059027e+01 5.198761e-02
9.260416e+01 5.343929e-02
9.461805e+01 5.466032e-02
9.663195e+01 5.575582e-02
9.864584e+01 5.778079e-02
1.006597e+02 5.966381e-02
1.026737e+02 6.094346e-02
1.046875e+02 6.224783e-02
1.067013e+02 6.364249e-02
1.087152e+02 6.638547e-02
1.107292e+02 6.787022e-02
1.127430e+02 6.889639e-02
1.147570e+02 7.244716e-02
1.167708e+02 7.267559e-02
1.187848e+02 7.612738e-02
1.207987e+02 7.808631e-02
1.228125e+02 8.073058e-02
1.248263e+02 8.243365e-02
1.268402e+02 8.617710e-02
1.288542e+02 8.615252e-02
1.308680e+02 9.027760e-02
1.328820e+02 9.165141e-02
1.348958e+02 9.423618e-02
1.369098e+02 9.615096e-02
1.389237e+02 9.993684e-02
1.409375e+02 1.039317e-01
1.429513e+02 1.061054e-01
1.449652e+02 1.105738e-01
1.469792e+02 1.111051e-01
1.489930e+02 1.159366e-01
END 
