0.100521 0.00383402
0.11059 0.00469988
0.12066 0.0057979
0.130729 0.00699447
0.140799 0.00826988
0.150868 0.0096101
0.160938 0.0110007
0.171007 0.012448
0.181076 0.0138606
0.191146 0.0154486
0.201215 0.0170242
0.211285 0.0185086
0.221354 0.0199599
0.231424 0.0215529
0.241493 0.0231949
0.251563 0.0246398
0.261632 0.0261152
0.271701 0.0276496
0.281771 0.0292829
0.29184 0.0304174
0.30191 0.0319795
0.311979 0.033347
0.322049 0.034592
0.332118 0.0359525
0.342187 0.0375768
0.352257 0.0388724
0.362326 0.0401129
0.372396 0.0411299
0.382465 0.0428993
0.392535 0.0441252
0.402604 0.0454535
0.412674 0.046212
0.422743 0.048364
0.432812 0.049211
0.442882 0.0504911
0.452951 0.0519876
0.463021 0.0534393
0.47309 0.0546603
0.48316 0.0557558
0.493229 0.0577808
0.503298 0.0596638
0.513369 0.0609435
0.523438 0.0622478
0.533506 0.0636425
0.543576 0.0663855
0.553646 0.0678702
0.563715 0.0688964
0.573785 0.0724472
0.583854 0.0726756
0.593924 0.0761274
0.603993 0.0780863
0.614062 0.0807306
0.624132 0.0824336
0.634201 0.0861771
0.644271 0.0861525
0.65434 0.0902776
0.66441 0.0916514
0.674479 0.0942362
0.684549 0.096151
0.694619 0.0999368
0.704688 0.103932
0.714757 0.106105
0.724826 0.110574
0.734896 0.111105
0.744965 0.115937
