18.0903 0.00351866 0.00142914
20.1042 0.00456352 0.00175285
22.1181 0.0057144 0.00209422
24.1319 0.00698469 0.00249168
26.1458 0.00832335 0.00289903
28.1597 0.00978339 0.00333842
30.1736 0.0112576 0.00378285
32.1875 0.0128066 0.00424308
34.2014 0.0144182 0.00473924
36.2153 0.0160452 0.00522164
38.2292 0.0177383 0.00573934
40.243 0.0194117 0.00626632
42.257 0.0212082 0.0067915
44.2708 0.0228411 0.00723638
46.2847 0.0246349 0.00777441
48.2986 0.0264727 0.00829023
50.3125 0.0281172 0.00874985
52.3264 0.0299227 0.00922928
54.3403 0.0316755 0.00974464
56.3542 0.0334493 0.010167
58.368 0.0356086 0.0107447
60.382 0.0370542 0.0110683
62.3958 0.0389675 0.0115308
64.4097 0.0408315 0.0119682
66.4236 0.0427301 0.0123609
68.4375 0.044451 0.0127021
70.4514 0.0471421 0.0133255
72.4653 0.0484658 0.0135521
74.4792 0.0507652 0.0140616
76.493 0.0531758 0.0144173
78.507 0.0554307 0.0150409
80.5208 0.0570862 0.0151254
82.5347 0.0592753 0.0156506
84.5486 0.0611882 0.0159592
86.5625 0.0635605 0.0164332
88.5764 0.0654762 0.0166037
90.5903 0.0680046 0.0173156
92.6042 0.0707413 0.0177381
94.618 0.0720252 0.0186351
96.632 0.075272 0.0196197
98.6458 0.0769805 0.0212601
100.66 0.0798109 0.0235933
102.674 0.08083 0.0257585
104.688 0.0850236 0.0322376
106.701 0.0863493 0.0373397
108.715 0.088725 0.0476697
110.729 0.0902866 0.057091
112.743 0.0928087 0.0715487
114.757 0.0955891 0.0958438
116.771 0.0940489 0.133141
118.785 0.0984671 0.176347
120.799 0.0960729 0.290931
122.812 0.0972173 0.363245
124.826 0.0997616 0.469023
126.84 0.0936322 0.680955
128.854 0.0980685 0.833294
130.868 0.0926189 1.14352
132.882 0.0876912 1.43492
134.896 0.0845986 1.86503
136.91 0.0787995 2.55131
138.924 0.062826 3.65497
140.938 0.046009 4.37181
142.951 0.036817 4.95582
144.965 0.0196557 6.16547
146.979 -0.0167231 7.34678
148.993 -0.0500412 9.51342
