18.0903 0.00395608 0.00142725
20.1042 0.00372054 0.00141559
22.1181 0.004401 0.00164809
24.1319 0.00540974 0.00195438
26.1458 0.00651242 0.00229232
28.1597 0.00766075 0.0026404
30.1736 0.00887287 0.00301555
32.1875 0.0101488 0.00340085
34.2014 0.0114302 0.00382007
36.2153 0.0127703 0.00426819
38.2292 0.0140909 0.00469622
40.243 0.0154959 0.00515931
42.257 0.0168043 0.00560859
44.2708 0.0181397 0.00606049
46.2847 0.019394 0.00648097
48.2986 0.0208396 0.00699706
50.3125 0.022126 0.00740458
52.3264 0.0234765 0.00790039
54.3403 0.0246335 0.00824265
56.3542 0.0260804 0.00871058
58.368 0.0270827 0.00902735
60.382 0.0283892 0.00938296
62.3958 0.029443 0.0097121
64.4097 0.0305195 0.00994625
66.4236 0.0316867 0.0103052
68.4375 0.0329318 0.0105356
70.4514 0.0341304 0.0108405
72.4653 0.0351191 0.0110162
74.4792 0.0361702 0.0112344
76.493 0.0372427 0.0113522
78.507 0.0385605 0.0116799
80.5208 0.0399118 0.0117406
82.5347 0.0407359 0.0117452
84.5486 0.0421063 0.0119691
86.5625 0.043343 0.0120373
88.5764 0.0446613 0.0122473
90.5903 0.0456929 0.0121646
92.6042 0.0474053 0.012402
94.618 0.0486461 0.0125162
96.632 0.0501518 0.0126021
98.6458 0.0515864 0.0127386
100.66 0.0537703 0.0130677
102.674 0.0553071 0.0131807
104.688 0.0564323 0.0133228
106.701 0.0584289 0.0135937
108.715 0.0610312 0.0142835
110.729 0.0627607 0.0146251
112.743 0.0644013 0.0150124
114.757 0.0675857 0.0161649
116.771 0.0681076 0.0164475
118.785 0.0716407 0.0179022
120.799 0.0741128 0.0193541
122.812 0.07681 0.0210488
124.826 0.0790469 0.0244332
126.84 0.0821057 0.02619
128.854 0.082969 0.0321851
130.868 0.0852788 0.0414324
132.882 0.0885027 0.0463617
134.896 0.0892519 0.0608161
136.91 0.0930538 0.0811417
138.924 0.0950343 0.109623
140.938 0.0961946 0.13942
142.951 0.0990383 0.188844
144.965 0.100401 0.245952
146.979 0.0979505 0.392994
148.993 0.0976539 0.552822
