1.809027e+01 3.956084e-03 1.117490e-03 1.737008e-03
2.010417e+01 3.720541e-03 1.102497e-03 1.728684e-03
2.211805e+01 4.400999e-03 1.312622e-03 1.983555e-03
2.413195e+01 5.409745e-03 1.584912e-03 2.323847e-03
2.614583e+01 6.512425e-03 1.893316e-03 2.691332e-03
2.815973e+01 7.660748e-03 2.211531e-03 3.069267e-03
3.017361e+01 8.872865e-03 2.564565e-03 3.466527e-03
3.218750e+01 1.014877e-02 2.947958e-03 3.853741e-03
3.420139e+01 1.143017e-02 3.280816e-03 4.359322e-03
3.621527e+01 1.277030e-02 3.690756e-03 4.845622e-03
3.822916e+01 1.409092e-02 4.052847e-03 5.339594e-03
4.024305e+01 1.549586e-02 4.486864e-03 5.831760e-03
4.225695e+01 1.680433e-02 4.859287e-03 6.357888e-03
4.427084e+01 1.813975e-02 5.252016e-03 6.868965e-03
4.628473e+01 1.939398e-02 5.562270e-03 7.399674e-03
4.829861e+01 2.083964e-02 5.915066e-03 8.079051e-03
5.031250e+01 2.212601e-02 6.287742e-03 8.521420e-03
5.232639e+01 2.347652e-02 6.578497e-03 9.222286e-03
5.434027e+01 2.463353e-02 6.887610e-03 9.597681e-03
5.635416e+01 2.608044e-02 7.241680e-03 1.017949e-02
5.836805e+01 2.708270e-02 7.414729e-03 1.063998e-02
6.038195e+01 2.838922e-02 7.656315e-03 1.110960e-02
6.239584e+01 2.944300e-02 7.886723e-03 1.153748e-02
6.440972e+01 3.051954e-02 7.974244e-03 1.191825e-02
6.642361e+01 3.168671e-02 8.146989e-03 1.246340e-02
6.843750e+01 3.293185e-02 8.320773e-03 1.275044e-02
7.045139e+01 3.413041e-02 8.410562e-03 1.327041e-02
7.246527e+01 3.511908e-02 8.539214e-03 1.349309e-02
7.447916e+01 3.617020e-02 8.582813e-03 1.388603e-02
7.649305e+01 3.724271e-02 8.604497e-03 1.409988e-02
7.850695e+01 3.856051e-02 8.728122e-03 1.463170e-02
8.052084e+01 3.991178e-02 8.837261e-03 1.464392e-02
8.253473e+01 4.073586e-02 8.834013e-03 1.465635e-02
8.454861e+01 4.210630e-02 8.951232e-03 1.498703e-02
8.656250e+01 4.334299e-02 8.989925e-03 1.508462e-02
8.857639e+01 4.466129e-02 9.087736e-03 1.540687e-02
9.059027e+01 4.569291e-02 9.078630e-03 1.525067e-02
9.260416e+01 4.740535e-02 9.166126e-03 1.563796e-02
9.461805e+01 4.864612e-02 9.345016e-03 1.568730e-02
9.663195e+01 5.015181e-02 9.297256e-03 1.590696e-02
9.864584e+01 5.158644e-02 9.611400e-03 1.586575e-02
1.006597e+02 5.377030e-02 9.759184e-03 1.637629e-02
1.026737e+02 5.530710e-02 9.887203e-03 1.647417e-02
1.046875e+02 5.643226e-02 9.994968e-03 1.665061e-02
1.067013e+02 5.842887e-02 1.015230e-02 1.703505e-02
1.087152e+02 6.103117e-02 1.058186e-02 1.798514e-02
1.107292e+02 6.276072e-02 1.066182e-02 1.858836e-02
1.127430e+02 6.440133e-02 1.092474e-02 1.910011e-02
1.147570e+02 6.758570e-02 1.142584e-02 2.090406e-02
1.167708e+02 6.810762e-02 1.144651e-02 2.144843e-02
1.187848e+02 7.164072e-02 1.193110e-02 2.387324e-02
1.207987e+02 7.411275e-02 1.251701e-02 2.619109e-02
1.228125e+02 7.681001e-02 1.289361e-02 2.920397e-02
1.248263e+02 7.904694e-02 1.372376e-02 3.514271e-02
1.268402e+02 8.210573e-02 1.608746e-02 3.629245e-02
1.288542e+02 8.296903e-02 2.291771e-02 4.145243e-02
1.308680e+02 8.527876e-02 3.620486e-02 4.665992e-02
1.328820e+02 8.850274e-02 3.469899e-02 5.802435e-02
1.348958e+02 8.925193e-02 6.283857e-02 5.879370e-02
1.369098e+02 9.305384e-02 7.197293e-02 9.031051e-02
1.389237e+02 9.503433e-02 1.119619e-01 1.072849e-01
1.409375e+02 9.619455e-02 1.663861e-01 1.124543e-01
1.429513e+02 9.903827e-02 2.192227e-01 1.584644e-01
1.449652e+02 1.004006e-01 3.028831e-01 1.890211e-01
1.469792e+02 9.795049e-02 5.644692e-01 2.215197e-01
1.489930e+02 9.765391e-02 8.227704e-01 2.828736e-01
