1.204861e+01 6.861176e-03 1.953416e-03 2.855025e-03
1.406250e+01 6.239303e-03 1.647231e-03 2.335526e-03
1.607639e+01 5.197166e-03 1.405743e-03 2.092711e-03
1.809027e+01 3.518662e-03 1.055061e-03 1.803226e-03
2.010417e+01 4.563516e-03 1.345779e-03 2.159924e-03
2.211805e+01 5.714404e-03 1.679352e-03 2.509083e-03
2.413195e+01 6.984695e-03 1.990848e-03 2.992516e-03
2.614583e+01 8.323353e-03 2.361889e-03 3.436172e-03
2.815973e+01 9.783393e-03 2.756383e-03 3.920460e-03
3.017361e+01 1.125764e-02 3.156494e-03 4.409208e-03
3.218750e+01 1.280663e-02 3.567316e-03 4.918845e-03
3.420139e+01 1.441824e-02 4.009492e-03 5.468992e-03
3.621527e+01 1.604517e-02 4.424302e-03 6.018981e-03
3.822916e+01 1.773831e-02 4.883954e-03 6.594718e-03
4.024305e+01 1.941168e-02 5.253725e-03 7.278914e-03
4.225695e+01 2.120822e-02 5.737235e-03 7.845773e-03
4.427084e+01 2.284106e-02 6.150616e-03 8.322143e-03
4.628473e+01 2.463494e-02 6.580407e-03 8.968413e-03
4.829861e+01 2.647267e-02 6.975423e-03 9.605031e-03
5.031250e+01 2.811717e-02 7.371240e-03 1.012845e-02
5.232639e+01 2.992273e-02 7.730941e-03 1.072762e-02
5.434027e+01 3.167547e-02 8.143651e-03 1.134562e-02
5.635416e+01 3.344929e-02 8.406126e-03 1.192782e-02
5.836805e+01 3.560860e-02 8.858415e-03 1.263103e-02
6.038195e+01 3.705422e-02 9.045388e-03 1.309122e-02
6.239584e+01 3.896747e-02 9.476956e-03 1.358461e-02
6.440972e+01 4.083146e-02 9.695393e-03 1.424105e-02
6.642361e+01 4.273007e-02 1.006190e-02 1.465998e-02
6.843750e+01 4.445102e-02 1.035024e-02 1.505404e-02
7.045139e+01 4.714212e-02 1.075293e-02 1.589797e-02
7.246527e+01 4.846578e-02 1.087103e-02 1.623326e-02
7.447916e+01 5.076525e-02 1.115302e-02 1.697011e-02
7.649305e+01 5.317580e-02 1.160564e-02 1.722891e-02
7.850695e+01 5.543072e-02 1.178399e-02 1.829783e-02
8.052084e+01 5.708625e-02 1.190318e-02 1.834764e-02
8.253473e+01 5.927526e-02 1.230344e-02 1.899776e-02
8.454861e+01 6.118822e-02 1.230904e-02 1.960932e-02
8.656250e+01 6.356052e-02 1.278341e-02 2.008307e-02
8.857639e+01 6.547617e-02 1.291553e-02 2.029178e-02
9.059027e+01 6.800459e-02 1.339370e-02 2.123741e-02
9.260416e+01 7.074130e-02 1.395807e-02 2.151818e-02
9.461805e+01 7.202518e-02 1.490776e-02 2.236241e-02
9.663195e+01 7.527200e-02 1.595760e-02 2.328188e-02
9.864584e+01 7.698051e-02 1.820543e-02 2.431470e-02
1.006597e+02 7.981087e-02 2.252932e-02 2.465736e-02
1.026737e+02 8.082997e-02 2.497028e-02 2.654677e-02
1.046875e+02 8.502364e-02 3.588322e-02 2.859190e-02
1.067013e+02 8.634930e-02 4.334638e-02 3.133302e-02
1.087152e+02 8.872500e-02 6.073712e-02 3.460238e-02
1.107292e+02 9.028665e-02 7.819791e-02 3.598414e-02
1.127430e+02 9.280873e-02 1.026765e-01 4.042087e-02
1.147570e+02 9.558911e-02 1.401975e-01 5.149019e-02
1.167708e+02 9.404885e-02 2.101475e-01 5.613494e-02
1.187848e+02 9.846708e-02 2.854069e-01 6.728689e-02
1.207987e+02 9.607293e-02 4.927864e-01 8.907517e-02
1.228125e+02 9.721731e-02 6.290877e-01 9.740303e-02
1.248263e+02 9.976165e-02 8.294688e-01 1.085767e-01
1.268402e+02 9.363224e-02 1.228822e+00 1.330889e-01
1.288542e+02 9.806853e-02 1.498458e+00 1.681308e-01
1.308680e+02 9.261885e-02 2.078985e+00 2.080579e-01
1.328820e+02 8.769120e-02 2.659203e+00 2.106407e-01
1.348958e+02 8.459862e-02 3.441662e+00 2.884032e-01
1.369098e+02 7.879955e-02 4.742114e+00 3.605001e-01
1.389237e+02 6.282598e-02 6.877354e+00 4.325916e-01
1.409375e+02 4.600897e-02 8.255876e+00 4.877427e-01
1.429513e+02 3.681695e-02 9.290998e+00 6.206376e-01
1.449652e+02 1.965572e-02 1.160130e+01 7.296416e-01
1.469792e+02 -1.672310e-02 1.391036e+01 7.831970e-01
1.489930e+02 -5.004122e-02 1.779810e+01 1.228749e+00
