7.013889e+00 0.000000e+00
1.104167e+01 6.391209e-03
1.506944e+01 5.085202e-03
1.909722e+01 3.656621e-03
2.312500e+01 5.933944e-03
2.715278e+01 8.655185e-03
3.118055e+01 1.174138e-02
3.520833e+01 1.499942e-02
3.923611e+01 1.848630e-02
4.326389e+01 2.204753e-02
4.729167e+01 2.570620e-02
5.131945e+01 2.937393e-02
5.534722e+01 3.288557e-02
5.937500e+01 3.691825e-02
6.340278e+01 4.049280e-02
6.743055e+01 4.443913e-02
7.145833e+01 4.848968e-02
7.548611e+01 5.326043e-02
7.951389e+01 5.708934e-02
8.354167e+01 6.168541e-02
8.756945e+01 6.590737e-02
9.159722e+01 7.070382e-02
9.562500e+01 7.514832e-02
9.965279e+01 8.106575e-02
1.036806e+02 8.491356e-02
1.077083e+02 9.128606e-02
1.117361e+02 9.662853e-02
1.157639e+02 1.034767e-01
1.197917e+02 1.122664e-01
1.238194e+02 1.203066e-01
1.278472e+02 1.262173e-01
1.318750e+02 1.333228e-01
1.359028e+02 1.417897e-01
1.399305e+02 1.512266e-01
1.439583e+02 1.584719e-01
1.479861e+02 1.633505e-01
