0.0350694 0
0.0552083 0.00639121
0.0753472 0.0050852
0.0954861 0.00365662
0.115625 0.00593394
0.135764 0.00865518
0.155903 0.0117414
0.176042 0.0149994
0.196181 0.0184863
0.216319 0.0220475
0.236458 0.0257062
0.256597 0.0293739
0.276736 0.0328856
0.296875 0.0369182
0.317014 0.0404928
0.337153 0.0444391
0.357292 0.0484897
0.377431 0.0532604
0.397569 0.0570893
0.417708 0.0616854
0.437847 0.0659074
0.457986 0.0707038
0.478125 0.0751483
0.498264 0.0810658
0.518403 0.0849136
0.538542 0.0912861
0.55868 0.0966285
0.57882 0.103477
0.598959 0.112266
0.619097 0.120307
0.639236 0.126217
0.659375 0.133323
0.679514 0.14179
0.699653 0.151227
0.719792 0.158472
0.73993 0.163351
