7.013889e+00 0.000000e+00
1.104167e+01 5.806406e-03
1.506944e+01 5.243369e-03
1.909722e+01 3.665979e-03
2.312500e+01 4.578807e-03
2.715278e+01 6.746822e-03
3.118055e+01 9.178964e-03
3.520833e+01 1.181680e-02
3.923611e+01 1.468547e-02
4.326389e+01 1.744003e-02
4.729167e+01 2.034233e-02
5.131945e+01 2.308505e-02
5.534722e+01 2.603839e-02
5.937500e+01 2.828402e-02
6.340278e+01 3.086285e-02
6.743055e+01 3.328522e-02
7.145833e+01 3.572869e-02
7.548611e+01 3.759974e-02
7.951389e+01 4.031776e-02
8.354167e+01 4.235219e-02
8.756945e+01 4.481288e-02
9.159722e+01 4.753085e-02
9.562500e+01 4.993160e-02
9.965279e+01 5.321554e-02
1.036806e+02 5.638228e-02
1.077083e+02 5.954068e-02
1.117361e+02 6.317912e-02
1.157639e+02 6.748174e-02
1.197917e+02 7.179210e-02
1.238194e+02 7.632610e-02
1.278472e+02 8.134141e-02
1.318750e+02 8.621907e-02
1.359028e+02 9.049114e-02
1.399305e+02 9.722999e-02
1.439583e+02 1.038151e-01
1.479861e+02 1.093405e-01
