0.0350694 0
0.0552083 0.00580641
0.0753472 0.00524337
0.0954861 0.00366598
0.115625 0.00457881
0.135764 0.00674682
0.155903 0.00917896
0.176042 0.0118168
0.196181 0.0146855
0.216319 0.01744
0.236458 0.0203423
0.256597 0.023085
0.276736 0.0260384
0.296875 0.028284
0.317014 0.0308629
0.337153 0.0332852
0.357292 0.0357287
0.377431 0.0375997
0.397569 0.0403178
0.417708 0.0423522
0.437847 0.0448129
0.457986 0.0475308
0.478125 0.0499316
0.498264 0.0532155
0.518403 0.0563823
0.538542 0.0595407
0.55868 0.0631791
0.57882 0.0674817
0.598959 0.0717921
0.619097 0.0763261
0.639236 0.0813414
0.659375 0.0862191
0.679514 0.0904911
0.699653 0.09723
0.719792 0.103815
0.73993 0.10934
