0.0350694 0
0.0552083 0.00633896
0.0753472 0.0051414
0.0954861 0.00366221
0.115625 0.00511583
0.135764 0.00749537
0.155903 0.0101703
0.176042 0.0130281
0.196181 0.0161047
0.216319 0.0191211
0.236458 0.0222496
0.256597 0.0252708
0.276736 0.0283501
0.296875 0.0310928
0.317014 0.0338873
0.337153 0.0366581
0.357292 0.0394144
0.377431 0.0419005
0.397569 0.0447038
0.417708 0.0471485
0.437847 0.0497686
0.457986 0.0526167
0.478125 0.0551353
0.498264 0.0585922
0.518403 0.0615089
0.538542 0.064817
0.55868 0.0683115
0.57882 0.0725462
0.598959 0.0769614
0.619097 0.0814512
0.639236 0.0861668
0.659375 0.0908488
0.679514 0.0950238
0.699653 0.101567
0.719792 0.107906
0.73993 0.11303
