7.013889e+00 0.000000e+00
1.104167e+01 6.338963e-03
1.506944e+01 5.141397e-03
1.909722e+01 3.662206e-03
2.312500e+01 5.115828e-03
2.715278e+01 7.495370e-03
3.118055e+01 1.017029e-02
3.520833e+01 1.302814e-02
3.923611e+01 1.610470e-02
4.326389e+01 1.912110e-02
4.729167e+01 2.224956e-02
5.131945e+01 2.527077e-02
5.534722e+01 2.835014e-02
5.937500e+01 3.109280e-02
6.340278e+01 3.388731e-02
6.743055e+01 3.665814e-02
7.145833e+01 3.941442e-02
7.548611e+01 4.190049e-02
7.951389e+01 4.470376e-02
8.354167e+01 4.714848e-02
8.756945e+01 4.976856e-02
9.159722e+01 5.261666e-02
9.562500e+01 5.513534e-02
9.965279e+01 5.859221e-02
1.036806e+02 6.150888e-02
1.077083e+02 6.481703e-02
1.117361e+02 6.831151e-02
1.157639e+02 7.254616e-02
1.197917e+02 7.696139e-02
1.238194e+02 8.145119e-02
1.278472e+02 8.616675e-02
1.318750e+02 9.084877e-02
1.359028e+02 9.502378e-02
1.399305e+02 1.015671e-01
1.439583e+02 1.079061e-01
1.479861e+02 1.130303e-01
